Animal type,Country,Weight kg,Body Length cm,Gender,Animal code,Latitude,Longitude,Animal name,Observation date,Data compiled by
lynx,Poland,17.1,75,male,,52.831229,23.814123,,3/21/2024,Anne Anthony
lynx,Slovakia,30,115,male,,48.408025,18.865229,,5/31/2024,John Johnson
red squirrel,Slovakia,0.2,14,female,,48.186611,17.090271,,3/24/2024,John Johnson
red squirrel,Germany,0.2,14,male,,49.554765,11.0922,,4/16/2024,Bob Bobson
lynx,Slovakia,30,120,male,,48.409308,18.832606,,2/3/2024,John Johnson
lynx,Hungary,29,109,male,,48.501574,20.532455,,7/3/2024,Anne Anthony
lynx,Poland,29,94,male,,52.809851,23.858071,,2/3/2024,Anne Anthony
lynx,Slovakia,28,131,male,,48.406304,18.842851,,3/3/2024,John Johnson
lynx,Slovakia,27,96,male,,48.406669,18.871602,,5/1/2024,John Johnson
lynx,Slovakia,27,100,male,,48.411117,18.862265,,4/17/2024,John Johnson
lynx,Slovakia,27,94,female,,48.411163,18.864362,,2/4/2024,John Johnson
lynx,Poland,27,95,female,,52.853843,23.919668,,4/28/2024,Anne Anthony
lynx,Austria,26,91,female,,47.780999,14.38212,,4/24/2024,Bob Bobson
lynx,Czech Republic,26,88,female,,50.883881,14.373018,,6/4/2024,John Johnson
lynx,Czech Republic,26,81,female,,50.884012,14.370554,,1/4/2024,John Johnson
lynx,Poland,26,85,female,,52.808579,23.843768,,7/3/2024,Anne Anthony
lynx,Slovakia,25,107,female,,48.408475,18.872535,,5/2/2024,John Johnson
red squirrel,Germany,0.256,16,female,,48.160432,11.494472,,2/4/2024,Bob Bobson
red squirrel,Slovakia,0.32,17,male,,48.406733,18.838754,,5/3/2024,John Johnson
lynx,Slovakia,25,96,female,,48.410693,18.832845,,3/22/2024,John Johnson
lynx,Slovakia,25,101,female,,48.412941,18.863684,,5/29/2024,John Johnson
red squirrel,Hungary,0.295,17,male,,48.50578,20.546466,,4/3/2024,Anne Anthony
red squirrel,Czech Republic,0.273,17,female,,49.938634,14.181813,,7/3/2024,John Johnson
lynx,Hungary,25,89,male,,48.504169,20.559452,,4/3/2024,Anne Anthony
red squirrel,Czech Republic,0.266,17,male,,49.939062,14.177939,,3/18/2024,John Johnson
lynx,Czech Republic,25,97,female,,50.881003,14.369286,,6/30/2024,John Johnson
lynx,Slovakia,24,81,female,,48.408549,18.87396,,4/19/2024,John Johnson
lynx,Hungary,24,79,male,,48.503043,20.561567,,5/3/2024,Anne Anthony
red squirrel,Poland,0.283,17,female,,52.239931,21.056703,,4/3/2024,Anne Anthony
lynx,Hungary,24,76,male,,48.505494,20.551966,,1/3/2024,Anne Anthony
red squirrel,Hungary,0.26,18,male,,47.505768,18.943674,,3/13/2024,Anne Anthony
lynx,Poland,24,89,female,,52.847483,23.906057,,5/5/2024,Anne Anthony
lynx,Czech Republic,23,78,male,,49.93734,14.366824,,4/22/2024,John Johnson
lynx,Austria,23,86,male,,47.781257,14.383099,,3/14/2024,Bob Bobson
red squirrel,Hungary,0.284,18,female,,47.505786,18.943124,,3/20/2024,Anne Anthony
lynx,Slovakia,23,95,male,,48.411736,18.874597,,6/19/2024,John Johnson
red squirrel,Hungary,0.297,18,male,,47.506306,18.946099,,4/14/2024,Anne Anthony
lynx,Slovakia,23,97,female,,48.413226,18.848128,,5/3/2024,John Johnson
red squirrel,Hungary,0.293,18,female,,47.507557,18.942066,,5/3/2024,Anne Anthony
red squirrel,Hungary,0.286,18,male,,47.50826,18.948349,,3/4/2024,Anne Anthony
red squirrel,Hungary,0.286,18,female,,47.508454,18.949343,,12/3/2024,Anne Anthony
lynx,Hungary,23,78,female,,48.504128,20.568479,,2/3/2024,Anne Anthony
red squirrel,Hungary,0.319,18,male,,47.508665,18.940456,,7/4/2024,Anne Anthony
red squirrel,Hungary,0.301,18,male,,47.51026,18.947838,,3/23/2024,Anne Anthony
red squirrel,Hungary,0.337,18,female,,47.511558,18.942454,,1/4/2024,Anne Anthony
red squirrel,Austria,0.308,18,male,,47.780904,14.385669,,5/4/2024,Bob Bobson
lynx,Hungary,23,82,female,,48.506529,20.554548,,1/3/2024,Anne Anthony
lynx,Hungary,23,73,female,,48.507503,20.551726,,9/3/2024,Anne Anthony
lynx,Hungary,23,77,female,,48.509272,20.551952,,10/3/2024,Anne Anthony
lynx,Poland,23,73,male,,52.823016,23.812286,,7/4/2024,Anne Anthony
red squirrel,Austria,0.332,18,female,,47.780927,14.382188,,5/4/2024,Bob Bobson
red squirrel,Austria,0.277,18,male,,47.781073,14.383506,,2/4/2024,Bob Bobson
red squirrel,Austria,0.332,18,female,,47.781345,14.382936,,3/24/2024,Bob Bobson
lynx,Austria,22,80,female,,47.780779,14.384918,,3/14/2024,Bob Bobson
red squirrel,Austria,0.33,18,female,,47.781637,14.385383,,2/4/2024,Bob Bobson
lynx,Slovakia,22,88,male,,48.40855,18.864935,,11/4/2024,John Johnson
lynx,Slovakia,22,73,male,,48.410551,18.864866,,4/29/2024,John Johnson
red squirrel,Austria,0.282,18,male,,47.781755,14.385083,,2/4/2024,Bob Bobson
lynx,Slovakia,22,85,male,,48.411436,18.86478,,5/19/2024,John Johnson
red squirrel,Austria,0.262,18,female,,47.781838,14.382938,,2/4/2024,Bob Bobson
lynx,Czech Republic,22,83,female,,50.882924,14.368207,,4/19/2024,John Johnson
lynx,Poland,22,78,male,,52.821625,23.818063,,10/4/2024,Anne Anthony
red squirrel,Germany,0.326,18,female,,48.16087,11.49027,,4/15/2024,Bob Bobson
red squirrel,Germany,0.302,18,female,,48.160992,11.495374,,12/4/2024,Bob Bobson
lynx,Poland,22,101,male,,52.824599,23.816842,,2/4/2024,Anne Anthony
lynx,Slovakia,21,85,male,,48.405213,18.84085,,3/30/2024,John Johnson
red squirrel,Germany,0.335,18,male,,48.161549,11.493041,Bob Bobson,3/13/2024,Bob Bobson
red squirrel,Germany,0.323,18,female,,48.161794,11.494325,,4/15/2024,Bob Bobson
red squirrel,Germany,0.266,18,female,,48.161906,11.490434,,2/4/2024,Bob Bobson
lynx,Czech Republic,21,91,female,,50.881878,14.371969,,5/23/2024,John Johnson
lynx,Austria,20,74,female,,47.781106,14.382184,,3/21/2024,Bob Bobson
red squirrel,Germany,0.296,18,male,,48.162162,11.493917,,11/4/2024,Bob Bobson
lynx,Austria,20,90,male,,47.781188,14.385356,,4/24/2024,Bob Bobson
red squirrel,Slovakia,0.33,18,,,48.184757,17.082936,,3/19/2024,John Johnson
red squirrel,Slovakia,0.288,18,female,,48.185953,17.08393,,3/13/2024,John Johnson
red squirrel,Slovakia,0.331,18,female,,48.18604,17.091147,,3/11/2024,James Johnson
lynx,Slovakia,20,78,female,,48.40979,18.870341,,3/31/2024,John Johnson
lynx,Hungary,20,90,female,,48.501938,20.567814,,11/3/2024,Anne Anthony
red squirrel,Slovakia,0.281,18,male,,48.18769,17.086471,,3/3/2024,John Johnson
red squirrel,Slovakia,0.321,18,female,,48.226708,17.087853,,3/27/2024,John Johnson
red squirrel,Slovakia,0.286,18,male,,48.228961,17.076478,,3/30/2024,John Johnson
lynx,Hungary,20,86,male,,48.504717,20.558726,,3/13/2024,Anne Anthony
lynx,Poland,20,95,female,,52.814984,23.840681,,9/3/2024,Anne Anthony
lynx,Poland,20,90,female,,52.824608,23.817396,,4/14/2024,Anne Anthony
red squirrel,Slovakia,0.254,18,male,,48.239854,17.086693,,3/25/2024,John Johnson
red squirrel,Slovakia,0.266,18,female,,48.40459,18.846849,,5/3/2024,John Johnson
red squirrel,Slovakia,0.289,18,male,,48.410536,18.870325,,3/17/2024,John Johnson
red squirrel,Hungary,0.32,18,male,,48.502091,20.547521,,4/3/2024,Anne Anthony
lynx,Poland,20,87,female,,52.852069,23.90087,,5/2/2024,Anne Anthony
lynx,Slovakia,19,84,female,,48.408917,18.862915,,7/6/2024,John Johnson
lynx,Slovakia,18,85,male,,48.411729,18.835591,,3/7/2024,James Johnson
red squirrel,Hungary,0.327,18,female,,48.502803,20.548668,,4/3/2024,Anne Anthony
lynx,Slovakia,18,76,male,,48.412724,18.868878,,5/17/2024,John Johnson
lynx,Hungary,18,81,female,,48.511532,20.539112,,6/3/2024,Anne Anthony
lynx,Poland,18,81,female,,52.802757,23.835199,,3/16/2024,Anne Anthony
lynx,Poland,18,63,male,,52.812647,23.863299,,9/3/2024,Anne Anthony
lynx,Poland,18,73,female,,52.832726,23.825032,,3/21/2024,Anne Anthony
lynx,Slovakia,17,80,female,,48.407449,18.850762,,3/20/2024,John Johnson
red squirrel,Hungary,0.286,18,female,,48.503917,20.536503,,7/3/2024,Anne Anthony
red squirrel,Hungary,0.283,18,female,,48.505251,20.551473,,4/3/2024,Anne Anthony
red squirrel,Hungary,0.301,18,female,,48.505512,20.538038,,4/3/2024,Anne Anthony
red squirrel,Slovakia,0.26,18,male,,49.053175,22.414666,,8/4/2024,John Johnson
red squirrel,Slovakia,0.298,18,female,,49.055453,22.423536,,8/4/2024,John Johnson
red squirrel,Slovakia,0.265,18,male,,49.056946,22.424916,,8/4/2024,John Johnson
red squirrel,Germany,0.318,18,male,,49.557527,11.089447,,2/4/2024,Bob Bobson
red squirrel,Germany,0.278,18,female,,49.558466,11.096048,,4/16/2024,Bob Bobson
lynx,Slovakia,16,65,male,,48.405926,18.839219,,3/19/2024,John Johnson
red squirrel,Germany,0.305,18,female,,49.561973,11.086554,,2/4/2024,Bob Bobson
lynx,Slovakia,16,62,female,,48.409448,18.845591,,3/29/2024,John Johnson
red squirrel,Czech Republic,0.271,18,male,,49.937391,14.179566,,11/3/2024,John Johnson
lynx,Poland,16,70,male,,52.803129,23.844358,,3/15/2024,Anne Anthony
red squirrel,Czech Republic,0.288,18,male,,49.937839,14.179075,,6/4/2024,John Johnson
red squirrel,Czech Republic,0.32,18,female,,49.938634,14.179739,,3/18/2024,John Johnson
lynx,Poland,16,72,male,,52.814211,23.834358,,3/16/2024,Anne Anthony
lynx,Slovakia,15,65,female,,48.406339,18.841071,,3/7/2024,James Johnson
red squirrel,Czech Republic,0.267,18,female,,49.93886,14.182738,,3/15/2024,John Johnson
red squirrel,Czech Republic,0.288,18,male,,49.939,14.182239,,3/30/2024,John Johnson
red squirrel,Czech Republic,0.278,18,female,,50.884288,14.372837,,11/6/2024,John Johnson
red squirrel,Tanzania,0.296,19,male,,-2.023546,34.896734,,7/3/2024,Anne Anthony
red squirrel,Hungary,0.315,19,male,,47.506414,18.941655,,3/21/2024,Anne Anthony
red squirrel,Hungary,0.253,19,male,,47.507002,18.950091,,5/3/2024,Anne Anthony
red squirrel,Hungary,0.261,19,female,,47.507023,18.940532,,8/3/2024,Anne Anthony
red squirrel,Hungary,0.25,19,female,,47.509538,18.945968,,3/31/2024,Anne Anthony
red squirrel,Hungary,0.268,19,male,,47.51106,18.939832,,4/14/2024,Anne Anthony
red squirrel,Austria,0.31,19,female,,47.780925,14.383695,,2/4/2024,Bob Bobson
red squirrel,Austria,0.29,19,male,,47.781078,14.384559,,3/29/2024,Bob Bobson
red squirrel,Austria,0.273,19,female,,47.781613,14.385153,,2/4/2024,Bob Bobson
red squirrel,Austria,0.333,19,female,,47.854756,15.082892,Sissi,8/4/2024,Bob Bobson
red squirrel,Austria,0.299,19,female,,47.854855,15.082168,Sissi,8/4/2024,Bob Bobson
red squirrel,Austria,0.256,19,male,,47.854876,15.08295,,11/4/2024,Bob Bobson
red squirrel,Austria,0.334,19,male,,47.856971,15.078984,,7/4/2024,Bob Bobson
red squirrel,Austria,0.338,19,male,,47.857495,15.07895,,8/4/2024,Bob Bobson
red squirrel,Germany,0.273,19,male,,48.161106,11.48991,,11/4/2024,Bob Bobson
lynx,Hungary,15,71,male,,48.50118,20.557432,,10/3/2024,Anne Anthony
red squirrel,Germany,0.339,19,female,,48.161422,11.491813,,4/15/2024,Bob Bobson
lynx,Czech Republic,15,70,male,,50.883894,14.372364,,5/4/2024,John Johnson
red squirrel,Germany,0.313,19,male,,48.161902,11.49458,,4/16/2024,Bob Bobson
red squirrel,Germany,0.258,19,male,,48.162251,11.494811,,2/4/2024,Bob Bobson
lynx,Poland,14,65,female,,52.851841,23.89158,,4/25/2024,Anne Anthony
red squirrel,Germany,0.303,19,female,,48.162437,11.494298,,11/4/2024,Bob Bobson
lynx,Poland,13,63,female,,52.846379,23.90499,,5/2/2024,Anne Anthony
red squirrel,Slovakia,0.326,19,female,,48.185585,17.091365,,3/16/2024,John Johnson
lynx,Czech Republic,12,52,male,,49.937391,14.367993,,4/19/2024,John Johnson
red squirrel,Slovakia,0.332,19,male,,48.185695,17.090742,,3/9/2024,James Johnson
red squirrel,Slovakia,0.33,19,male,,48.186672,17.091508,,3/21/2024,John Johnson
red squirrel,Slovakia,0.329,19,female,,48.18685,17.091228,,3/21/2024,John Johnson
red squirrel,Slovakia,0.293,19,male,,48.227614,17.072903,,2/4/2024,John Johnson
lynx,Slovakia,12,61,male,,48.413928,18.835281,,3/9/2024,James Johnson
red squirrel,Slovakia,0.3,19,female,,48.229837,17.089218,,5/4/2024,John Johnson
lynx,Hungary,12,61,female,,48.508239,20.567914,,9/3/2024,Anne Anthony
red squirrel,Slovakia,0.259,19,male,,48.405516,18.850994,,5/3/2024,John Johnson
lynx,Poland,12,52,male,,52.848214,23.891978,,4/28/2024,Anne Anthony
red squirrel,Slovakia,0.276,19,male,,48.408111,18.865646,,2/4/2024,John Johnson
lynx,Slovakia,11,52,female,,48.41179,18.87165,,6/19/2024,John Johnson
hedgehog,Austria,1.2,24,male,,47.318191,11.189484,,4/19/2024,Bob Bobson
hedgehog,Hungary,1.2,24,male,,47.508941,18.948915,,4/4/2024,Anne Anthony
red squirrel,Slovakia,0.302,19,male,,48.410201,18.862513,,2/4/2024,John Johnson
hedgehog,Hungary,1.2,26,male,,47.509103,18.948171,,5/3/2024,Anne Anthony
red squirrel,Slovakia,0.252,19,female,,48.410932,18.861704,,2/4/2024,John Johnson
red squirrel,Slovakia,0.28,19,male,,48.411486,18.86773,,3/17/2024,John Johnson
red squirrel,Hungary,0.335,19,female,,48.502521,20.558578,,11/3/2024,Anne Anthony
red squirrel,Hungary,0.339,19,female,,48.503752,20.558664,,11/3/2024,Anne Anthony
hedgehog,Hungary,1.2,23,male,,47.511267,18.940191,,4/13/2024,Anne Anthony
red squirrel,Hungary,0.28,19,female,,48.505494,20.536362,,4/3/2024,Anne Anthony
red squirrel,Slovakia,0.327,19,female,,49.055547,22.411172,,3/7/2024,James Johnson
hedgehog,Slovakia,1.2,22,male,,48.186913,17.088174,,4/27/2024,John Johnson
red squirrel,Slovakia,0.254,19,male,,49.055646,22.412458,,3/7/2024,James Johnson
hedgehog,Slovakia,1.2,25,male,,48.231497,17.073128,,5/21/2024,John Johnson
red squirrel,Germany,0.255,19,female,,49.558869,11.076638,,5/4/2024,Bob Bobson
hedgehog,Slovakia,1.2,26,male,,48.40912,18.869274,,3/4/2024,John Johnson
hedgehog,Slovakia,1.2,26,male,,48.409469,18.861715,,10/4/2024,John Johnson
hedgehog,Hungary,1.2,23,male,,48.503254,20.555951,,7/3/2024,Anne Anthony
hedgehog,Hungary,1.2,29,male,,48.503795,20.555932,,3/21/2024,Anne Anthony
red squirrel,Czech Republic,0.293,19,male,,49.937416,14.181449,,9/3/2024,John Johnson
hedgehog,Hungary,1.2,26,male,,48.509298,20.551977,,4/3/2024,Anne Anthony
red squirrel,Czech Republic,0.328,19,male,,49.938357,14.177929,,3/15/2024,John Johnson
red squirrel,Czech Republic,0.271,19,female,,49.938523,14.18244,,3/27/2024,John Johnson
red squirrel,Czech Republic,0.282,19,female,,49.939072,14.180063,,9/4/2024,John Johnson
red squirrel,Poland,0.294,19,male,,50.041131,19.949543,,2/4/2024,Anne Anthony
hedgehog,Germany,1.2,22,male,,49.551211,11.077661,,3/4/2024,Bob Bobson
hedgehog,Germany,1.2,28,male,,49.55152,11.079537,,4/17/2024,Bob Bobson
red squirrel,Poland,0.336,19,male,,50.041489,19.950768,Lolek,3/27/2024,Anne Anthony
hedgehog,Czech Republic,1.2,26,male,,49.938547,14.180402,,3/18/2024,John Johnson
hedgehog,Czech Republic,1.2,23,male,,49.939201,14.178923,,3/22/2024,John Johnson
red squirrel,Poland,0.323,19,female,,50.041804,19.951361,,1/4/2024,Anne Anthony
hedgehog,Czech Republic,1.2,26,male,,50.107284,14.347676,,7/3/2024,John Johnson
red squirrel,Czech Republic,0.317,19,male,,50.106373,14.347574,,4/15/2024,John Johnson
red squirrel,Czech Republic,0.324,19,male,,50.881376,14.367503,,6/6/2024,John Johnson
red squirrel,Czech Republic,0.324,19,female,,50.883325,14.372463,,6/6/2024,John Johnson
hedgehog,Czech Republic,1.2,31,male,,50.635766,14.844247,,1/3/2024,John Johnson
hedgehog,Poland,1.2,25,male,,52.214156,21.0325,,3/21/2024,Anne Anthony
hedgehog,Germany,1.2,23,male,,52.58572,13.148613,,3/24/2024,Bob Bobson
red squirrel,Poland,0.271,19,female,,52.211797,21.032857,,4/24/2024,Anne Anthony
red squirrel,Poland,0.317,19,female,,52.21231,21.033586,Zuzia,5/4/2024,Anne Anthony
red squirrel,Poland,0.298,19,female,,52.212379,21.032913,,4/17/2024,Anne Anthony
red squirrel,Poland,0.28,19,female,,52.212542,21.033829,,5/17/2024,Anne Anthony
hedgehog,Germany,1.2,22,male,,52.587058,13.149675,,3/24/2024,Bob Bobson
hedgehog,Austria,1.1,22,male,,47.316562,11.19116,,4/19/2024,Bob Bobson
hedgehog,Austria,1.1,23,female,,47.316963,11.188761,,3/24/2024,Bob Bobson
red squirrel,Poland,0.311,19,female,,52.212601,21.032613,,5/21/2024,Anne Anthony
hedgehog,Hungary,1.1,21,female,,47.505903,18.948538,,5/5/2024,Anne Anthony
red squirrel,Poland,0.306,19,female,,52.212605,21.033877,,4/22/2024,Anne Anthony
red squirrel,Poland,0.26,19,male,,52.212628,21.034494,,5/17/2024,Anne Anthony
hedgehog,Hungary,1.1,22,female,,47.510584,18.94173,,5/19/2024,Anne Anthony
hedgehog,Austria,1.1,21,female,,47.781212,14.384017,,3/19/2024,Bob Bobson
hedgehog,Austria,1.1,24,male,,47.781883,14.382628,,3/19/2024,Bob Bobson
red squirrel,Poland,0.305,19,female,,52.212746,21.033832,,9/5/2024,Anne Anthony
red squirrel,Poland,0.346,19,male,,52.240529,21.053603,,3/16/2024,Anne Anthony
hedgehog,Germany,1.1,25,male,,48.160773,11.49368,,3/30/2024,Bob Bobson
red squirrel,Poland,0.265,19,female,,52.24056,21.055899,,1/3/2024,Anne Anthony
hedgehog,Slovakia,1.1,23,male,,48.183848,17.082806,,4/29/2024,John Johnson
red squirrel,Poland,0.35,19,female,,52.241637,21.05154,,3/20/2024,Anne Anthony
red squirrel,Germany,0.34,19,female,,52.58237,13.146855,Bob Bobson,3/21/2024,Bob Bobson
hedgehog,Slovakia,1.1,22,male,,48.183927,17.090716,,5/3/2024,John Johnson
red squirrel,Germany,0.286,19,female,,52.582658,13.148057,,3/24/2024,Bob Bobson
hedgehog,Slovakia,1.1,29,male,,48.185406,17.084535,,4/19/2024,John Johnson
hedgehog,Slovakia,1.1,23,male,,48.186112,17.090491,,4/17/2024,John Johnson
hedgehog,Slovakia,1.1,19,female,,48.187522,17.087251,,4/19/2024,John Johnson
hedgehog,Slovakia,1.1,20,female,,48.23954,17.066719,,5/7/2024,James Johnson
hedgehog,Slovakia,1.1,22,male,,48.409754,18.870477,,1/4/2024,John Johnson
hedgehog,Slovakia,1.1,25,male,,48.41259,18.87302,,8/4/2024,John Johnson
hedgehog,Slovakia,1.1,16,female,,48.413154,18.875356,,7/4/2024,John Johnson
hedgehog,Hungary,1.1,26,male,,48.502486,20.562565,,10/3/2024,Anne Anthony
hedgehog,Hungary,1.1,19,female,,48.502512,20.563331,,3/19/2024,Anne Anthony
hedgehog,Hungary,1.1,26,not determined,,48.503062,20.551698,,4/3/2024,Anne Anthony
hedgehog,Hungary,1.1,18,male,,48.503062,20.551698,,3/22/2024,Anne Anthony
hedgehog,Hungary,1.1,24,male,,48.503795,20.555932,,4/3/2024,Anne Anthony
hedgehog,Hungary,1.1,22,male,,48.50509,20.539448,,3/23/2024,Anne Anthony
hedgehog,Germany,1.1,19,female,,49.54841,11.078249,,11/5/2024,Bob Bobson
hedgehog,Germany,1.1,20,female,,49.551562,11.081737,,4/28/2024,Bob Bobson
red squirrel,Germany,0.329,19,female,,52.582754,13.145364,Bob Bobson,3/22/2024,Bob Bobson
hedgehog,Germany,1.1,23,male,,49.559558,11.08115,,2/4/2024,Bob Bobson
hedgehog,Czech Republic,1.1,21,male,,49.939165,14.182528,,3/22/2024,John Johnson
hedgehog,Czech Republic,1.1,18,female,,49.939474,14.180897,,3/21/2024,John Johnson
hedgehog,Czech Republic,1.1,26,male,,50.106379,14.347645,,6/3/2024,John Johnson
red squirrel,Germany,0.334,19,male,,52.587863,13.147785,Bob Bobson,3/22/2024,Bob Bobson
red squirrel,Poland,0.31,19,female,,52.821524,23.817037,Basia,5/29/2024,Anne Anthony
hedgehog,Czech Republic,1.1,23,male,,50.10696,14.346126,,9/3/2024,John Johnson
red squirrel,Germany,0.294,19,male,,52.586487,13.150015,,1/3/2024,Bob Bobson
hedgehog,Czech Republic,1.1,23,male,,50.107278,14.348461,,8/3/2024,John Johnson
hedgehog,Czech Republic,1.1,22,female,,50.635584,14.837072,,2/3/2024,John Johnson
hedgehog,Czech Republic,1.1,32,male,,50.643254,14.84373,,2/3/2024,John Johnson
red squirrel,Germany,0.25,19,female,,52.586487,13.150015,,1/3/2024,Bob Bobson
hedgehog,Poland,1.1,22,female,,52.214521,21.031889,,6/3/2024,Anne Anthony
red squirrel,Germany,0.308,19,male,,52.586487,13.150015,,1/3/2024,Bob Bobson
red squirrel,Hungary,0.254,20,female,,47.508169,18.947418,,4/16/2024,Anne Anthony
hedgehog,Poland,1.1,20,female,,52.214766,21.030532,,3/27/2024,Anne Anthony
hedgehog,Germany,1.1,22,female,,52.58329,13.149155,Bob Bobson,3/21/2024,Bob Bobson
hedgehog,Germany,1.1,21,male,,52.585628,13.149093,Bob Bobson,3/21/2024,Bob Bobson
hedgehog,Hungary,1,18,female,,47.507019,18.944015,,5/16/2024,Anne Anthony
hedgehog,Hungary,1,23,female,,47.507376,18.9396,,12/5/2024,Anne Anthony
red squirrel,Hungary,0.251,20,female,,47.508618,18.944915,,3/26/2024,Anne Anthony
red squirrel,Hungary,0.257,20,female,,47.509375,18.939808,,9/4/2024,Anne Anthony
hedgehog,Hungary,1,20,male,,47.511301,18.93974,,10/5/2024,Anne Anthony
hedgehog,Slovakia,1,21,male,,48.185893,17.08942,,5/5/2024,John Johnson
hedgehog,Slovakia,1,18,male,,48.225014,17.081449,,5/13/2024,John Johnson
hedgehog,Slovakia,1,17,male,,48.226063,17.078596,,5/7/2024,James Johnson
hedgehog,Slovakia,1,20,female,,48.408713,18.863829,,12/4/2024,John Johnson
red squirrel,Hungary,0.284,20,female,,47.50938,18.949607,,9/3/2024,Anne Anthony
hedgehog,Hungary,1,24,female,,48.506913,20.540427,,8/3/2024,Anne Anthony
hedgehog,Germany,1,25,female,,49.54629,11.085729,,2/4/2024,Bob Bobson
hedgehog,Germany,1,20,male,,49.560442,11.098395,,4/17/2024,Bob Bobson
hedgehog,Germany,1,24,male,,49.561057,11.084334,,4/18/2024,Bob Bobson
hedgehog,Germany,1,23,female,,49.561356,11.105334,,5/7/2024,Bob Bobson
hedgehog,Czech Republic,1,17,female,,49.937696,14.182707,,3/19/2024,John Johnson
hedgehog,Czech Republic,1,21,female,,49.937788,14.180368,,3/23/2024,John Johnson
hedgehog,Czech Republic,1,20,female,,50.642723,14.837229,,2/3/2024,John Johnson
hedgehog,Poland,1,21,female,,52.213985,21.030841,,3/14/2024,Anne Anthony
red squirrel,Hungary,0.285,20,male,,47.509655,18.943576,,11/4/2024,Anne Anthony
red squirrel,Hungary,0.308,20,female,,47.510068,18.947176,,4/14/2024,Anne Anthony
hedgehog,Poland,1,21,male,,52.214419,21.033441,,3/25/2024,Anne Anthony
hedgehog,Germany,1,21,male,,52.585937,13.146151,Bob Bobson,3/19/2024,Bob Bobson
red squirrel,Hungary,0.262,20,female,,47.510799,18.945583,,3/3/2024,Anne Anthony
red squirrel,Austria,0.336,20,female,,47.780752,14.383452,Bibi,3/29/2024,Bob Bobson
hedgehog,Germany,1,24,male,,52.586487,13.150015,,3/24/2024,Bob Bobson
hedgehog,Austria,0.9,22,female,,47.31758,11.187606,,5/4/2024,Bob Bobson
hedgehog,Austria,0.9,25,male,,47.317974,11.187472,,4/19/2024,Bob Bobson
red squirrel,Austria,0.299,20,female,,47.781131,14.382207,,5/4/2024,Bob Bobson
hedgehog,Hungary,0.9,16,female,,47.506638,18.940091,,7/4/2024,Anne Anthony
hedgehog,Hungary,0.9,16,female,,47.507053,18.943306,,5/1/2024,Anne Anthony
hedgehog,Hungary,0.9,16,female,,47.50986,18.939943,,5/8/2024,Anne Anthony
red squirrel,Austria,0.272,20,female,,47.781296,14.383799,,3/24/2024,Bob Bobson
hedgehog,Hungary,0.9,23,male,,47.510055,18.944356,,5/7/2024,Anne Anthony
red squirrel,Austria,0.322,20,male,,47.781333,14.382547,,5/4/2024,Bob Bobson
hedgehog,Germany,0.9,18,female,,48.160459,11.493142,,3/27/2024,Bob Bobson
hedgehog,Germany,0.9,19,male,,48.161646,11.493511,,3/30/2024,Bob Bobson
hedgehog,Slovakia,0.9,20,male,,48.18637,17.090384,,4/28/2024,John Johnson
hedgehog,Slovakia,0.9,19,female,,48.407464,18.87406,,3/31/2024,John Johnson
hedgehog,Hungary,0.9,21,male,,48.50529,20.566169,,10/3/2024,Anne Anthony
hedgehog,Hungary,0.9,19,female,,48.505634,20.543417,,11/3/2024,Anne Anthony
hedgehog,Hungary,0.9,20,female,,48.51108,20.567192,,10/3/2024,Anne Anthony
hedgehog,Germany,0.9,25,male,,49.551318,11.085475,,4/18/2024,Bob Bobson
hedgehog,Germany,0.9,25,male,,49.560723,11.084667,,4/17/2024,Bob Bobson
hedgehog,Germany,0.9,23,female,,49.562583,11.082312,,3/4/2024,Bob Bobson
hedgehog,Czech Republic,0.9,17,male,,49.937429,14.18264,,3/18/2024,John Johnson
red squirrel,Austria,0.34,20,male,,47.781538,14.384561,,3/24/2024,Bob Bobson
hedgehog,Czech Republic,0.9,16,female,,49.93849,14.1802,,3/14/2024,John Johnson
hedgehog,Czech Republic,0.9,22,female,,50.106583,14.346471,,9/3/2024,John Johnson
hedgehog,Czech Republic,0.9,19,female,,50.107284,14.346127,,5/3/2024,John Johnson
red squirrel,Australia,0.266,20,female,,47.781632,14.382365,,5/4/2024,Bob Bobson
red squirrel,Austria,0.27,20,female,,47.7818,14.383699,,2/4/2024,Bob Bobson
red squirrel,Germany,0.29,20,male,,48.160807,11.494219,,4/15/2024,Bob Bobson
hedgehog,Czech Republic,0.9,22,female,,50.638142,14.849689,,4/3/2024,John Johnson
hedgehog,Czech Republic,0.9,20,female,,50.639869,14.849702,,2/3/2024,John Johnson
hedgehog,Czech Republic,0.9,22,male,,50.642843,14.84124,,1/3/2024,John Johnson
hedgehog,Poland,0.9,22,female,,52.214494,21.033154,,3/25/2024,Anne Anthony
hedgehog,Poland,0.9,22,male,,52.214498,21.034201,,3/15/2024,Anne Anthony
hedgehog,Poland,0.9,22,male,,52.214679,21.033021,,4/3/2024,Anne Anthony
red squirrel,Germany,0.256,20,female,,48.161009,11.491557,,4/15/2024,Bob Bobson
hedgehog,Poland,0.9,21,male,,52.214934,21.032106,,6/3/2024,Anne Anthony
hedgehog,Germany,0.9,151,female,,52.583004,13.150686,,3/24/2024,Bob Bobson
red squirrel,Germany,0.258,20,female,,48.162137,11.494415,,11/4/2024,Bob Bobson
hedgehog,Austria,0.8,20,female,,47.316383,11.188381,,5/4/2024,Bob Bobson
hedgehog,Austria,0.8,15,female,,47.319091,11.188058,,2/4/2024,Bob Bobson
hedgehog,Austria,0.8,16,male,,47.31947,11.18573,,5/4/2024,Bob Bobson
hedgehog,Hungary,0.8,17,female,,47.507073,18.947873,,5/4/2024,Anne Anthony
hedgehog,Hungary,0.8,17,female,,47.507081,18.939062,,11/4/2024,Anne Anthony
hedgehog,Hungary,0.8,14,female,,47.509073,18.946838,,6/4/2024,Anne Anthony
hedgehog,Austria,0.8,21,female,,47.781117,14.38608,,3/14/2024,Bob Bobson
hedgehog,Austria,0.8,24,male,,47.781236,14.382219,,3/21/2024,Bob Bobson
red squirrel,Slovakia,0.297,20,female,,48.185194,17.083142,,4/3/2024,John Johnson
hedgehog,Australia,0.8,24,not determined,,47.781689,14.386777,,3/14/2024,Bob Bobson
red squirrel,Slovakia,0.334,20,female,,48.406983,18.863197,,3/17/2024,John Johnson
hedgehog,Austria,0.8,20,male,,47.781828,14.385001,,3/14/2024,Bob Bobson
red squirrel,Slovakia,0.339,20,male,,48.410771,18.865888,,2/4/2024,John Johnson
red squirrel,Hungary,0.293,20,male,,48.50586,20.547649,,11/3/2024,Anne Anthony
hedgehog,Austria,0.8,18,male,,47.781882,14.384802,,3/24/2024,Bob Bobson
hedgehog,Germany,0.8,23,male,,48.161452,11.495239,,2/4/2024,Bob Bobson
red squirrel,Slovakia,0.305,20,female,,49.05291,22.420861,,3/7/2024,James Johnson
red squirrel,Slovakia,0.297,20,not determined,,49.054132,22.411066,,3/7/2024,James Johnson
red squirrel,Slovakia,0.305,20,male,,49.054647,22.410445,,3/7/2024,James Johnson
red squirrel,Slovakia,0.329,20,male,,49.054663,22.412082,,8/4/2024,John Johnson
hedgehog,Germany,0.8,18,male,,48.161892,11.493888,,2/4/2024,Bob Bobson
hedgehog,Slovakia,0.8,18,male,,48.186208,17.089749,,4/21/2024,John Johnson
red squirrel,Slovakia,0.303,20,male,,49.05593,22.424085,,3/8/2024,James Johnson
hedgehog,Slovakia,0.8,21,male,,48.187468,17.088827,,5/6/2024,John Johnson
red squirrel,Slovakia,0.309,20,female,,49.057758,22.415169,,3/9/2024,James Johnson
hedgehog,Slovakia,0.8,18,male,,48.22689,17.084025,,5/29/2024,John Johnson
hedgehog,Slovakia,0.8,16,female,,48.23493,17.084813,,5/17/2024,John Johnson
hedgehog,Slovakia,0.8,18,male,,48.237588,17.090344,,5/26/2024,John Johnson
hedgehog,Slovakia,0.8,24,female,,48.239628,17.087298,,11/5/2024,John Johnson
hedgehog,Slovakia,0.8,16,male,,48.407138,18.867247,,4/13/2024,John Johnson
hedgehog,Slovakia,0.8,17,male,,48.409645,18.872415,,6/4/2024,John Johnson
hedgehog,Slovakia,0.8,21,female,,48.412408,18.869074,,5/4/2024,John Johnson
hedgehog,Slovakia,0.8,23,male,,48.412843,18.872614,,4/13/2024,John Johnson
hedgehog,Hungary,0.8,18,female,,48.503498,20.539662,,4/3/2024,Anne Anthony
hedgehog,Hungary,0.8,23,female,,48.504425,20.548744,,7/3/2024,Anne Anthony
hedgehog,Hungary,0.8,25,male,,48.509298,20.551977,,3/23/2024,Anne Anthony
European bison,Slovakia,390,180,female,,49.052731,22.422675,,1/3/2024,John Johnson
red squirrel,Germany,0.294,20,male,,49.545857,11.076254,,4/17/2024,Bob Bobson
red squirrel,Germany,0.317,20,female,,49.545913,11.081051,,5/4/2024,Bob Bobson
red squirrel,Germany,0.327,20,male,,49.550428,11.077659,,5/4/2024,Bob Bobson
European bison,Slovakia,566,272,female,,49.053342,22.423867,,1/3/2024,John Johnson
European bison,Slovakia,814,288,male,,49.053489,22.415229,,1/3/2024,John Johnson
European bison,Slovakia,511,266,female,,49.053629,22.421831,,1/3/2024,John Johnson
red squirrel,Czech Republic,0.335,20,male,,49.938958,14.181258,,3/21/2024,John Johnson
European bison,Slovakia,130,141,female,,49.054166,22.422852,,1/3/2024,John Johnson
red squirrel,Poland,0.286,20,female,,50.04113,19.949698,,3/24/2024,Anne Anthony
red squirrel,Poland,0.256,20,male,,50.041154,19.949919,,3/21/2024,Anne Anthony
red squirrel,Poland,0.325,20,female,,50.041347,19.950773,,11/4/2024,Anne Anthony
European bison,Slovakia,420,182,male,,49.054684,22.417189,,1/3/2024,John Johnson
red squirrel,Poland,0.323,20,female,,50.041366,19.949444,,3/31/2024,Anne Anthony
red squirrel,Poland,0.264,20,male,,50.041366,19.949936,,4/13/2024,Anne Anthony
red squirrel,Poland,0.348,20,female,,50.04186,19.950192,,3/23/2024,Anne Anthony
European bison,Slovakia,695,316,male,,49.055537,22.419428,,1/3/2024,John Johnson
red squirrel,Czech Republic,0.258,20,male,,50.882642,14.372818,,8/6/2024,John Johnson
red squirrel,Poland,0.349,20,female,,52.212001,21.033903,,4/22/2024,Anne Anthony
red squirrel,Poland,0.346,20,female,,52.212001,21.033187,Lola,5/7/2024,Anne Anthony
red squirrel,Poland,0.307,20,female,,52.212144,21.033534,,5/6/2024,Anne Anthony
European bison,Slovakia,355,179,male,,49.055974,22.415985,,1/3/2024,John Johnson
European bison,Slovakia,393,152,not determined,,49.056471,22.422475,,1/3/2024,John Johnson
red squirrel,Poland,0.317,20,female,,52.212163,21.032633,,5/13/2024,Anne Anthony
red squirrel,Poland,0.266,20,male,,52.212429,21.032435,,12/5/2024,Anne Anthony
red squirrel,Poland,0.292,20,female,,52.212433,21.032496,,4/30/2024,Anne Anthony
red squirrel,Poland,0.316,20,male,,52.240035,21.056188,Lolek,1/3/2024,Anne Anthony
red squirrel,Poland,0.344,20,male,,52.240522,21.057552,,5/3/2024,Anne Anthony
red squirrel,Poland,0.348,20,female,,52.24206,21.057802,,1/3/2024,Anne Anthony
hedgehog,Germany,0.8,17,male,,49.545768,11.086386,,4/18/2024,Bob Bobson
red squirrel,Germany,0.323,20,male,,52.581896,13.151801,Bob Bobson,3/21/2024,Bob Bobson
red squirrel,Poland,0.299,20,female,,52.820308,23.809736,,5/31/2024,Anne Anthony
hedgehog,Germany,0.8,19,male,,49.558968,11.106642,,4/28/2024,Bob Bobson
hedgehog,Germany,0.8,20,male,,49.560178,11.093259,,4/28/2024,Bob Bobson
hedgehog,Czech Republic,0.8,18,male,,49.938688,14.179603,,3/24/2024,John Johnson
hedgehog,Czech Republic,0.8,17,male,,49.938707,14.182507,,10/3/2024,John Johnson
hedgehog,Czech Republic,0.8,17,female,,49.938959,14.180078,,3/27/2024,John Johnson
red squirrel,Poland,0.325,20,male,,52.823959,23.817073,,1/6/2024,Anne Anthony
hedgehog,Czech Republic,0.8,22,male,,50.106579,14.346283,,6/3/2024,John Johnson
hedgehog,Czech Republic,0.8,22,male,,50.106811,14.348513,,8/3/2024,John Johnson
hedgehog,Poland,0.8,15,female,,52.213877,21.030861,,3/14/2024,Anne Anthony
hedgehog,Poland,0.8,19,female,,52.214365,21.031462,,8/3/2024,Anne Anthony
hedgehog,Poland,0.8,22,female,,52.214452,21.034505,,9/3/2024,Anne Anthony
hedgehog,Poland,0.8,24,male,,52.214734,21.031915,,3/13/2024,Anne Anthony
hedgehog,Poland,0.8,16,female,,52.214968,21.030987,,11/3/2024,Anne Anthony
red squirrel,Germany,0.27,20,male,,52.586487,13.150015,,1/3/2024,Bob Bobson
red squirrel,Germany,0.32,20,male,,52.586487,13.150015,,1/3/2024,Bob Bobson
hedgehog,Poland,0.8,20,female,,52.215039,21.032591,,3/23/2024,Anne Anthony
hedgehog,Germany,0.8,16,male,,52.582072,13.149185,,3/24/2024,Bob Bobson
hedgehog,Germany,0.8,16,male,,52.585958,13.147098,Bob Bobson,3/19/2024,Bob Bobson
red squirrel,Germany,0.262,20,male,,52.586487,13.150015,,1/3/2024,Bob Bobson
red squirrel,Germany,0.256,20,male,,52.586487,13.150015,,1/3/2024,Bob Bobson
hedgehog,Austria,0.7,18,male,,47.319812,11.18479,,5/4/2024,Bob Bobson
red squirrel,Germany,0.245,20,male,,52.586487,13.150015,,1/3/2024,Bob Bobson
hedgehog,Hungary,0.7,11,female,,47.507758,18.949223,,5/17/2024,Anne Anthony
hedgehog,Hungary,0.7,23,female,,47.508516,18.949429,,4/4/2024,Anne Anthony
hedgehog,Hungary,0.7,16,male,,47.509595,18.939751,,10/5/2024,Anne Anthony
hedgehog,Hungary,0.7,16,female,,47.510231,18.940042,,6/4/2024,Anne Anthony
hedgehog,Hungary,0.7,26,male,,47.510697,18.948588,,5/5/2024,Anne Anthony
hedgehog,Hungary,0.7,15,male,,47.511427,18.948714,,4/15/2024,Anne Anthony
hedgehog,Austria,0.7,24,male,,47.780872,14.38446,,3/14/2024,Bob Bobson
hedgehog,Austria,0.7,19,female,,47.781139,14.382004,,3/14/2024,Bob Bobson
hedgehog,Austria,0.7,25,male,,47.781764,14.38328,,3/19/2024,Bob Bobson
hedgehog,Germany,0.7,17,male,,48.161584,11.494938,,3/27/2024,Bob Bobson
hedgehog,Germany,0.7,19,male,,48.162169,11.495473,,2/4/2024,Bob Bobson
hedgehog,Germany,0.7,20,male,,48.162593,11.491872,,3/30/2024,Bob Bobson
red squirrel,Germany,0.292,20,male,,52.586487,13.150015,,1/3/2024,Bob Bobson
red squirrel,Germany,0.289,20,female,,52.586487,13.150015,,1/3/2024,Bob Bobson
hedgehog,Slovakia,0.7,16,male,,48.184231,17.091694,,4/23/2024,John Johnson
hedgehog,Slovakia,0.7,19,female,,48.184278,17.086878,,5/5/2024,John Johnson
hedgehog,Slovakia,0.7,16,male,,48.185433,17.086216,,4/26/2024,John Johnson
red squirrel,Germany,0.308,20,male,,52.586487,13.150015,,1/3/2024,Bob Bobson
red squirrel,Germany,0.244,20,female,,52.586487,13.150015,,2/3/2024,Bob Bobson
red squirrel,Germany,0.299,20,male,,52.586487,13.150015,,2/3/2024,Bob Bobson
hedgehog,Slovakia,0.7,24,female,,48.185649,17.088834,,4/27/2024,John Johnson
hedgehog,Slovakia,0.7,22,female,,48.225116,17.086408,,5/14/2024,John Johnson
hedgehog,Slovakia,0.7,20,female,,48.231411,17.075484,,5/24/2024,John Johnson
hedgehog,Slovakia,0.7,24,male,,48.232384,17.067453,,5/6/2024,John Johnson
hedgehog,Slovakia,0.7,22,male,,48.23276,17.069049,,9/5/2024,John Johnson
hedgehog,Slovakia,0.7,18,female,,48.232775,17.070226,,5/27/2024,John Johnson
red squirrel,Germany,0.284,20,female,,52.586487,13.150015,,2/3/2024,Bob Bobson
hedgehog,Slovakia,0.7,14,female,,48.237762,17.067101,,3/6/2024,John Johnson
hedgehog,Slovakia,0.7,17,female,,48.238517,17.090268,,3/6/2024,John Johnson
red squirrel,Germany,0.289,20,female,,52.586487,13.150015,,2/3/2024,Bob Bobson
red squirrel,Germany,0.284,20,male,,52.586487,13.150015,,2/3/2024,Bob Bobson
hedgehog,Slovakia,0.7,16,male,,48.409138,18.863577,,3/29/2024,John Johnson
hedgehog,Hungary,0.7,15,female,,48.504773,20.536543,,3/17/2024,Anne Anthony
hedgehog,Hungary,0.7,18,female,,48.505617,20.541054,,7/3/2024,Anne Anthony
hedgehog,Hungary,0.7,21,female,,48.509199,20.552447,,3/14/2024,Anne Anthony
hedgehog,Germany,0.7,23,female,,49.547597,11.079679,,3/4/2024,Bob Bobson
red squirrel,Germany,0.314,20,male,,52.586487,13.150015,,2/3/2024,Bob Bobson
hedgehog,Germany,0.7,25,male,,49.554133,11.089674,,4/18/2024,Bob Bobson
red squirrel,Germany,0.262,20,female,,52.586487,13.150015,,2/3/2024,Bob Bobson
hedgehog,Germany,0.7,21,male,,49.556052,11.081501,,4/17/2024,Bob Bobson
hedgehog,Germany,0.7,21,female,,49.559523,11.103684,,5/5/2024,Bob Bobson
red squirrel,Germany,0.258,20,male,,52.586487,13.150015,,2/3/2024,Bob Bobson
red squirrel,Germany,0.297,20,male,,52.586487,13.150015,,2/3/2024,Bob Bobson
red squirrel,Germany,0.255,20,female,,52.586487,13.150015,,2/3/2024,Bob Bobson
hedgehog,Germany,0.7,24,male,,49.56023,11.102233,,11/5/2024,Bob Bobson
hedgehog,Czech Republic,0.7,20,female,,49.937454,14.182121,,3/23/2024,John Johnson
red squirrel,Germany,0.28,20,male,,52.586487,13.150015,,2/3/2024,Bob Bobson
hedgehog,Czech Republic,0.7,18,female,,49.937562,14.181101,,3/22/2024,John Johnson
red squirrel,Germany,0.293,20,male,,52.586487,13.150015,,2/3/2024,Bob Bobson
red squirrel,Germany,0.295,20,male,,52.586487,13.150015,,2/3/2024,Bob Bobson
hedgehog,Czech Republic,0.7,17,female,,49.93789,14.180882,,10/3/2024,John Johnson
red squirrel,Germany,0.281,20,male,,52.586487,13.150015,,2/3/2024,Bob Bobson
hedgehog,Czech Republic,0.7,21,female,,49.938132,14.181225,,3/15/2024,John Johnson
red squirrel,Germany,0.245,20,female,,52.586487,13.150015,,2/3/2024,Bob Bobson
red squirrel,Germany,0.283,20,male,,52.586487,13.150015,,2/3/2024,Bob Bobson
hedgehog,Czech Republic,0.7,16,male,,49.93915,14.179388,,3/26/2024,John Johnson
hedgehog,Czech Republic,0.7,15,female,,49.93933,14.177877,,3/28/2024,John Johnson
red squirrel,Germany,0.27,20,male,,52.586487,13.150015,,2/3/2024,Bob Bobson
hedgehog,Czech Republic,0.7,20,female,,50.106607,14.347909,,7/3/2024,John Johnson
red squirrel,Germany,0.315,20,male,,52.586487,13.150015,,2/3/2024,Bob Bobson
red squirrel,Germany,0.254,20,female,,52.586487,13.150015,,2/3/2024,Bob Bobson
hedgehog,Czech Republic,0.7,20,female,,50.106925,14.346629,,7/3/2024,John Johnson
red squirrel,Germany,0.249,20,male,,52.586487,13.150015,,2/3/2024,Bob Bobson
red squirrel,Germany,0.298,20,male,,52.586487,13.150015,,2/3/2024,Bob Bobson
hedgehog,Czech Republic,0.7,14,female,,50.637879,14.838429,,2/3/2024,John Johnson
hedgehog,Czech Republic,0.7,13,female,,50.639389,14.8444,,2/3/2024,John Johnson
red squirrel,Germany,0.314,20,female,,52.586487,13.150015,,2/3/2024,Bob Bobson
red squirrel,Germany,0.251,20,male,,52.586487,13.150015,,2/3/2024,Bob Bobson
red squirrel,Germany,0.293,20,female,,52.586487,13.150015,,2/3/2024,Bob Bobson
red squirrel,Germany,0.301,20,male,,52.586487,13.150015,,2/3/2024,Bob Bobson
red squirrel,Germany,0.271,20,male,,52.586487,13.150015,,2/3/2024,Bob Bobson
red squirrel,Germany,0.275,20,male,,52.586487,13.150015,,2/3/2024,Bob Bobson
red squirrel,Germany,0.304,20,male,,52.586487,13.150015,,2/3/2024,Bob Bobson
red squirrel,Germany,0.308,20,male,,52.586487,13.150015,,2/3/2024,Bob Bobson
red squirrel,Germany,0.24,20,male,,52.586487,13.150015,,2/3/2024,Bob Bobson
red squirrel,Germany,0.299,20,male,,52.586487,13.150015,,6/4/2024,Bob Bobson
red squirrel,Germany,0.314,20,female,,52.586487,13.150015,,6/4/2024,Bob Bobson
red squirrel,Germany,0.297,20,male,,52.586487,13.150015,,6/4/2024,Bob Bobson
red squirrel,Germany,0.298,20,male,,52.586487,13.150015,,6/4/2024,Bob Bobson
red squirrel,Germany,0.301,20,male,,52.586487,13.150015,,6/4/2024,Bob Bobson
red squirrel,Germany,0.267,20,female,,52.586487,13.150015,,6/4/2024,Bob Bobson
red squirrel,Germany,0.315,20,male,,52.586487,13.150015,,6/4/2024,Bob Bobson
red squirrel,Germany,0.3,20,female,,52.586487,13.150015,,6/4/2024,Bob Bobson
red squirrel,Germany,0.3,20,male,,52.586487,13.150015,,6/4/2024,Bob Bobson
red squirrel,Germany,0.264,20,female,,52.586487,13.150015,,6/4/2024,Bob Bobson
red squirrel,Germany,0.251,20,male,,52.586487,13.150015,,6/4/2024,Bob Bobson
red squirrel,Germany,0.302,20,female,,52.586487,13.150015,,6/4/2024,Bob Bobson
red squirrel,Germany,0.262,20,female,,52.586487,13.150015,,6/4/2024,Bob Bobson
red squirrel,Germany,0.243,20,male,,52.586487,13.150015,,6/4/2024,Bob Bobson
red squirrel,Germany,0.314,20,male,,52.586487,13.150015,,6/4/2024,Bob Bobson
hedgehog,Czech Republic,0.7,16,female,,50.643039,14.840662,,2/3/2024,John Johnson
red squirrel,Germany,0.244,20,male,,52.586487,13.150015,,6/4/2024,Bob Bobson
hedgehog,Poland,0.7,26,male,,52.215034,21.03303,,3/20/2024,Anne Anthony
red squirrel,Germany,0.25,20,male,,52.586487,13.150015,,6/4/2024,Bob Bobson
red squirrel,Germany,0.272,20,male,,52.586487,13.150015,,6/4/2024,Bob Bobson
hedgehog,Germany,0.7,23,female,,52.587532,13.152361,,3/27/2024,Bob Bobson
hedgehog,Germany,0.7,16,female,,52.587539,13.146575,,3/24/2024,Bob Bobson
hedgehog,Germany,0.7,19,female,,52.587827,13.148164,,3/24/2024,Bob Bobson
red squirrel,Germany,0.289,20,male,,52.586487,13.150015,,6/4/2024,Bob Bobson
hedgehog,Austria,0.6,20,male,,47.318793,11.185855,,3/24/2024,Bob Bobson
hedgehog,Austria,0.6,17,female,,47.319579,11.186061,,4/19/2024,Bob Bobson
hedgehog,Austria,0.6,16,female,,47.32002,11.18557,,3/24/2024,Bob Bobson
hedgehog,Hungary,0.6,16,female,,47.506035,18.944528,,4/29/2024,Anne Anthony
red squirrel,Germany,0.304,20,male,,52.586487,13.150015,,6/4/2024,Bob Bobson
hedgehog,Hungary,0.6,17,female,,47.506311,18.947371,,5/14/2024,Anne Anthony
hedgehog,Hungary,0.6,15,male,,47.506663,18.94032,,4/16/2024,Anne Anthony
hedgehog,Austria,0.6,19,male,,47.781019,14.385089,,3/24/2024,Bob Bobson
hedgehog,Austria,0.6,14,female,,47.78106,14.386807,,3/14/2024,Bob Bobson
red squirrel,Germany,0.241,20,male,,52.586487,13.150015,,6/4/2024,Bob Bobson
hedgehog,Australia,0.6,14,female,,47.781248,14.382649,,3/21/2024,Bob Bobson
European bison,Cocos,717,305,male,,50.635565,14.83932,,3/22/2024,John Johnson
hedgehog,Germany,0.6,15,female,,48.160813,11.492539,,3/30/2024,Bob Bobson
hedgehog,Germany,0.6,16,female,,48.160915,11.489927,,2/4/2024,Bob Bobson
European bison,Czech Republic,716,303,male,,50.636161,14.846951,,7/3/2024,John Johnson
European bison,Czech Republic,30,100,female,,50.636423,14.847287,,7/3/2024,John Johnson
European bison,Czech Republic,823,286,male,,50.636564,14.834553,,1/3/2024,John Johnson
European bison,Czech Republic,360,175,female,,50.636642,14.847946,,3/21/2024,John Johnson
hedgehog,Germany,0.6,15,female,,48.161218,11.494677,,2/4/2024,Bob Bobson
hedgehog,Germany,0.6,15,female,,48.16142,11.495056,,3/30/2024,Bob Bobson
hedgehog,Slovakia,0.6,19,female,,48.184621,17.089464,,5/1/2024,John Johnson
European bison,Czech Republic,750,242,male,,50.638137,14.838129,,3/21/2024,John Johnson
hedgehog,Slovakia,0.6,15,female,,48.185648,17.083763,,4/24/2024,John Johnson
European bison,Czech Republic,572,251,female,,50.638945,14.845452,,2/3/2024,John Johnson
hedgehog,Slovakia,0.6,15,male,,48.228141,17.089055,,5/31/2024,John Johnson
European bison,Czech Republic,390,145,female,,50.639856,14.847626,,3/22/2024,John Johnson
hedgehog,Slovakia,0.6,20,male,,48.235981,17.081698,,5/17/2024,John Johnson
European bison,Czech Republic,35,110,male,,50.640733,14.84516,,3/21/2024,John Johnson
European bison,Czech Republic,402,162,female,,50.641008,14.836529,,2/3/2024,John Johnson
European bison,Czech Republic,541,212,female,,50.642592,14.85014,,7/3/2024,John Johnson
hedgehog,Slovakia,0.6,19,female,,48.236605,17.071495,,5/19/2024,John Johnson
hedgehog,Slovakia,0.6,18,female,,48.237124,17.085811,,5/30/2024,John Johnson
hedgehog,Slovakia,0.6,16,female,,48.238067,17.090891,,5/7/2024,James Johnson
European bison,Cocos,656,245,female,,50.643056,14.843037,,4/19/2024,John Johnson
European bison,Czech Republic,727,210,male,,50.643056,14.843037,,5/2/2024,John Johnson
hedgehog,Slovakia,0.6,15,male,,48.238913,17.065508,,2/6/2024,John Johnson
European bison,Czech Republic,535,295,male,,50.643406,14.836495,,2/3/2024,John Johnson
hedgehog,Slovakia,0.6,25,male,,48.407605,18.876341,,4/16/2024,John Johnson
hedgehog,Hungary,0.6,23,male,,48.501763,20.547976,,3/16/2024,Anne Anthony
European bison,Cocos,603,291,male,,50.644813,14.839817,,3/22/2024,John Johnson
European bison,Cocos,560,250,female,,50.645077,14.840304,,8/4/2024,John Johnson
hedgehog,Hungary,0.6,19,female,,48.503498,20.539662,,3/23/2024,Anne Anthony
red squirrel,Germany,0.248,20,male,,52.586487,13.150015,,6/4/2024,Bob Bobson
red squirrel,Germany,0.29,20,male,,52.586487,13.150015,,6/4/2024,Bob Bobson
hedgehog,Hungary,0.6,20,female,,48.504425,20.548744,,2/4/2024,Anne Anthony
red squirrel,Austria,0.263,20,male,,47.316383,11.18479,,5/3/2024,Bob Bobson
hedgehog,Hungary,0.6,14,female,,48.506262,20.547343,,3/13/2024,Anne Anthony
red squirrel,Austria,0.319,20,male,,47.316383,11.18479,,6/4/2024,Bob Bobson
red squirrel,Austria,0.292,20,female,,47.316383,11.18479,,6/4/2024,Bob Bobson
hedgehog,Hungary,0.6,18,female,,48.511048,20.567209,,7/3/2024,Anne Anthony
hedgehog,Germany,0.6,18,male,,49.547376,11.079529,,4/28/2024,Bob Bobson
hedgehog,Germany,0.6,23,male,,49.547725,11.082734,,5/5/2024,Bob Bobson
red squirrel,Austria,0.319,20,female,,47.316383,11.18479,,6/4/2024,Bob Bobson
red squirrel,Austria,0.298,20,male,,47.316383,11.18479,,6/4/2024,Bob Bobson
red squirrel,Austria,0.255,20,male,,47.316383,11.18479,,6/4/2024,Bob Bobson
red squirrel,Austria,0.3,20,male,,47.316383,11.18479,,6/4/2024,Bob Bobson
red squirrel,Austria,0.252,20,male,,47.316383,11.18479,,6/4/2024,Bob Bobson
red squirrel,Hungary,0.307,20,male,,52.828845,18.939062,,4/3/2024,Anne Anthony
red squirrel,Tanzania,0.282,21,male,,-2.023546,34.896734,,11/3/2024,Anne Anthony
red squirrel,Hungary,0.275,21,female,,47.506071,18.949311,,11/4/2024,Anne Anthony
red squirrel,Hungary,0.278,21,female,,47.510304,18.942925,,3/17/2024,Anne Anthony
red squirrel,Hungary,0.28,21,female,,47.510978,18.942963,,7/4/2024,Anne Anthony
red squirrel,Hungary,0.305,21,male,,47.511401,18.949119,,1/3/2024,Anne Anthony
red squirrel,Hungary,0.258,21,female,,47.511582,18.942341,,2/4/2024,Anne Anthony
red squirrel,Austria,0.334,21,female,,47.781449,14.383421,,2/4/2024,Bob Bobson
red squirrel,Austria,0.323,21,male,,47.781847,14.386835,,3/24/2024,Bob Bobson
red squirrel,Austria,0.285,21,female,,47.853875,15.078745,,8/4/2024,Bob Bobson
red squirrel,Austria,0.3,21,male,,47.855216,15.078877,,8/4/2024,Bob Bobson
red squirrel,Austria,0.253,21,male,,47.856032,15.076768,,5/4/2024,Bob Bobson
red squirrel,Austria,0.278,21,male,,47.856769,15.076411,,7/4/2024,Bob Bobson
red squirrel,Germany,0.266,21,female,,48.16056,11.490806,,4/15/2024,Bob Bobson
red squirrel,Germany,0.293,21,male,,48.161069,11.49303,,4/15/2024,Bob Bobson
red squirrel,Germany,0.317,21,female,,48.162563,11.495277,,2/4/2024,Bob Bobson
red squirrel,Germany,0.305,21,female,,48.162609,11.494157,,5/2/2024,Bob Bobson
red squirrel,Slovakia,0.334,21,male,,48.188008,17.085312,,6/3/2024,John Johnson
red squirrel,Slovakia,0.287,21,male,,48.224897,17.085979,,3/30/2024,John Johnson
red squirrel,Hungary,0.322,21,male,,48.506217,20.545055,,11/3/2024,Anne Anthony
red squirrel,Hungary,0.29,21,male,,48.506429,20.543875,,11/3/2024,Anne Anthony
red squirrel,Slovakia,0.33,21,female,,49.055275,22.41421,,8/4/2024,John Johnson
red squirrel,Slovakia,0.252,21,male,,49.057599,22.422203,,8/4/2024,John Johnson
red squirrel,Germany,0.283,21,male,,49.562324,11.092212,,2/4/2024,Bob Bobson
red squirrel,Czech Republic,0.313,21,male,,49.937425,14.182723,,9/4/2024,John Johnson
red squirrel,Czech Republic,0.289,21,female,,49.937872,14.179825,,4/3/2024,John Johnson
red squirrel,Czech Republic,0.327,21,male,,49.938616,14.181291,,6/4/2024,John Johnson
red squirrel,Czech Republic,0.258,21,female,,49.938787,14.178284,,3/4/2024,John Johnson
red squirrel,Poland,0.282,21,female,,50.041522,19.950563,Zuzia,3/24/2024,Anne Anthony
red squirrel,Poland,0.282,21,male,,50.041552,19.949984,,2/4/2024,Anne Anthony
red squirrel,Poland,0.282,21,male,,50.041573,19.94985,,4/13/2024,Anne Anthony
red squirrel,Czech Republic,0.325,21,female,,50.106483,14.348192,,12/4/2024,John Johnson
red squirrel,Czech Republic,0.257,21,male,,50.107147,14.347009,,10/4/2024,John Johnson
red squirrel,Czech Republic,0.291,21,female,,50.881428,14.366689,,8/6/2024,John Johnson
red squirrel,Poland,0.278,21,female,,52.211888,21.03235,,4/15/2024,Anne Anthony
red squirrel,Poland,0.306,21,male,,52.211896,21.033806,,5/18/2024,Anne Anthony
red squirrel,Poland,0.281,21,male,,52.211985,21.032869,,5/1/2024,Anne Anthony
red squirrel,Poland,0.264,21,male,,52.212148,21.033421,,11/5/2024,Anne Anthony
red squirrel,Poland,0.311,21,male,,52.212203,21.032279,,4/25/2024,Anne Anthony
red squirrel,Poland,0.341,21,female,,52.212295,21.034039,,5/20/2024,Anne Anthony
hedgehog,Germany,0.6,11,male,,49.557055,11.101996,,4/18/2024,Bob Bobson
hedgehog,Germany,0.6,22,female,,49.561174,11.102216,,4/18/2024,Bob Bobson
hedgehog,Germany,0.6,23,female,,49.56122,11.082195,,5/5/2024,Bob Bobson
hedgehog,Czech Republic,0.6,18,female,,49.937805,14.179716,,3/28/2024,John Johnson
hedgehog,Czech Republic,0.6,20,male,,49.938169,14.178703,,12/3/2024,John Johnson
hedgehog,Czech Republic,0.6,17,female,,49.938346,14.18024,,3/26/2024,John Johnson
hedgehog,Czech Republic,0.6,21,female,,49.939062,14.17875,,3/22/2024,John Johnson
hedgehog,Czech Republic,0.6,15,female,,49.939297,14.181453,,3/13/2024,John Johnson
hedgehog,Czech Republic,0.6,19,male,,50.106311,14.346906,,9/3/2024,John Johnson
hedgehog,Czech Republic,0.6,17,female,,50.106942,14.348502,,6/3/2024,John Johnson
hedgehog,Czech Republic,0.6,17,male,,50.635501,14.838158,,4/3/2024,John Johnson
hedgehog,Czech Republic,0.6,20,female,,50.636869,14.844555,,1/3/2024,John Johnson
hedgehog,Czech Republic,0.6,20,male,,50.637375,14.839785,,3/3/2024,John Johnson
hedgehog,Czech Republic,0.6,16,male,,50.644733,14.835753,,1/3/2024,John Johnson
hedgehog,Poland,0.6,19,male,,52.21441,21.032484,,9/3/2024,Anne Anthony
hedgehog,Poland,0.6,15,female,,52.214745,21.033701,,3/17/2024,Anne Anthony
hedgehog,Germany,0.6,25,male,,52.587183,13.146661,,3/24/2024,Bob Bobson
hedgehog,Austria,0.5,20,male,,47.319782,11.190836,,3/24/2024,Bob Bobson
hedgehog,Hungary,0.5,19,female,,47.50643,18.947912,,4/16/2024,Anne Anthony
hedgehog,Germany,0.5,20,male,,48.160834,11.489874,,3/27/2024,Bob Bobson
hedgehog,Germany,0.5,20,female,,48.161605,11.49115,,3/30/2024,Bob Bobson
red squirrel,Poland,0.27,21,female,,52.21239,21.034548,Basia,4/29/2024,Anne Anthony
red squirrel,Poland,0.266,21,female,,52.21284,21.034377,,5/13/2024,Anne Anthony
red squirrel,Poland,0.282,21,male,,52.212906,21.03321,,5/25/2024,Anne Anthony
red squirrel,Poland,0.34,21,,,52.240284,21.051948,,1/3/2024,Anne Anthony
red squirrel,Poland,0.318,21,male,,52.240616,21.054902,,7/3/2024,Anne Anthony
red squirrel,Poland,0.282,21,male,,52.241177,21.052873,,1/3/2024,Anne Anthony
red squirrel,Poland,0.32,21,female,,52.241309,21.057247,,3/14/2024,Anne Anthony
red squirrel,Poland,0.291,21,,,52.241662,21.05643,,4/3/2024,Anne Anthony
red squirrel,Poland,0.341,21,male,,52.241856,21.053078,,4/3/2024,Anne Anthony
red squirrel,Poland,0.328,21,male,,52.241905,21.050727,,1/3/2024,Anne Anthony
red squirrel,Germany,0.276,21,female,,52.581885,13.152811,Bob Bobson,3/21/2024,Bob Bobson
red squirrel,Germany,0.268,21,male,,52.587089,13.151807,,3/24/2024,Bob Bobson
red squirrel,Germany,0.339,21,male,,52.587248,13.151499,Bob Bobson,3/21/2024,Bob Bobson
red squirrel,Germany,0.334,21,male,,52.587734,13.151378,Bob Bobson,3/22/2024,Bob Bobson
red squirrel,Germany,0.267,21,female,,52.588834,13.15192,Bob Bobson,3/22/2024,Bob Bobson
red squirrel,Poland,0.333,21,male,,52.853843,23.919668,,1/3/2024,Anne Anthony
red squirrel,Germany,0.262,21,male,,52.586487,13.150015,,1/3/2024,Bob Bobson
red squirrel,Germany,0.267,21,female,,52.586487,13.150015,,1/3/2024,Bob Bobson
red squirrel,Hungary,0.262,22,male,,47.508905,18.94657,,4/4/2024,Anne Anthony
red squirrel,Hungary,0.27,22,female,,47.509866,18.942538,,3/16/2024,Anne Anthony
red squirrel,Austria,0.337,22,male,,47.781088,14.385534,,3/29/2024,Bob Bobson
red squirrel,Austria,0.264,22,male,,47.781089,14.385211,,5/4/2024,Bob Bobson
red squirrel,Austria,0.294,22,male,,47.855007,15.076539,,6/4/2024,Bob Bobson
red squirrel,Austria,0.333,22,female,,47.855379,15.077237,Lola,7/4/2024,Bob Bobson
red squirrel,Austria,0.264,22,female,,47.857586,15.081328,,7/4/2024,Bob Bobson
red squirrel,Germany,0.307,22,male,,48.16079,11.489549,,4/15/2024,Bob Bobson
red squirrel,Germany,0.259,22,male,,48.160831,11.492403,,4/14/2024,Bob Bobson
red squirrel,Germany,0.267,22,female,,48.161385,11.492571,,11/4/2024,Bob Bobson
red squirrel,Slovakia,0.26,22,female,,48.23123,17.090253,,1/4/2024,John Johnson
red squirrel,Slovakia,0.265,22,female,,48.23862,17.074393,,3/25/2024,John Johnson
red squirrel,Slovakia,0.291,22,female,,48.406551,18.837137,,5/3/2024,John Johnson
red squirrel,Slovakia,0.306,22,male,,48.408318,18.844383,,5/3/2024,John Johnson
red squirrel,Slovakia,0.311,22,male,,48.412458,18.832425,,5/3/2024,John Johnson
hedgehog,Germany,0.5,16,female,,48.162549,11.492991,,3/30/2024,Bob Bobson
red squirrel,Hungary,0.296,22,male,,48.502584,20.532518,,4/3/2024,Anne Anthony
red squirrel,Hungary,0.311,22,female,,48.505737,20.546731,,11/3/2024,Anne Anthony
red squirrel,Hungary,0.336,22,female,,48.506095,20.543032,,11/3/2024,Anne Anthony
hedgehog,Slovakia,0.5,16,male,,48.231214,17.084105,,5/23/2024,John Johnson
hedgehog,Slovakia,0.5,19,male,,48.231939,17.087688,,12/5/2024,John Johnson
red squirrel,Slovakia,0.316,22,female,,49.054586,22.41368,,8/4/2024,John Johnson
red squirrel,Slovakia,0.319,22,female,,49.054751,22.41916,,3/8/2024,James Johnson
hedgehog,Slovakia,0.5,18,female,,48.409909,18.867006,,4/15/2024,John Johnson
hedgehog,Hungary,0.5,15,male,,48.502359,20.563385,,7/3/2024,Anne Anthony
hedgehog,Hungary,0.5,16,male,,48.50509,20.539448,,7/3/2024,Anne Anthony
hedgehog,Germany,0.5,20,male,,49.55324,11.074008,,4/28/2024,Bob Bobson
hedgehog,Germany,0.5,18,female,,49.553737,11.087705,,4/17/2024,Bob Bobson
hedgehog,Germany,0.5,16,female,,49.556237,11.088639,,4/18/2024,Bob Bobson
hedgehog,Germany,0.5,17,female,,49.561569,11.087046,,5/7/2024,Bob Bobson
hedgehog,Germany,0.5,20,male,,49.563085,11.101392,,4/18/2024,Bob Bobson
red squirrel,Czech Republic,0.277,22,male,,49.939097,14.179435,,3/27/2024,John Johnson
hedgehog,Czech Republic,0.5,15,female,,49.93734,14.18071,,10/3/2024,John Johnson
red squirrel,Czech Republic,0.283,22,female,,49.939191,14.180256,,1/4/2024,John Johnson
hedgehog,Czech Republic,0.5,13,male,,49.937455,14.180775,,3/20/2024,John Johnson
hedgehog,Czech Republic,0.5,18,female,,49.937531,14.180359,,10/3/2024,John Johnson
hedgehog,Czech Republic,0.5,16,male,,49.938845,14.182246,,3/27/2024,John Johnson
red squirrel,Czech Republic,0.336,22,female,,49.939212,14.180839,,3/24/2024,John Johnson
hedgehog,Czech Republic,0.5,20,male,,50.643854,14.837155,,2/3/2024,John Johnson
red squirrel,Czech Republic,0.313,22,female,,49.939308,14.180747,,6/4/2024,John Johnson
red squirrel,Poland,0.265,22,female,,50.041147,19.95046,,8/4/2024,Anne Anthony
red squirrel,Poland,0.296,22,male,,50.041497,19.950657,,9/4/2024,Anne Anthony
hedgehog,Poland,0.5,19,female,,52.215085,21.034198,,3/23/2024,Anne Anthony
hedgehog,Germany,0.5,18,female,,52.586199,13.152793,Bob Bobson,3/19/2024,Bob Bobson
European bison,Poland,1100,350,male,,52.803316,23.686301,,7/4/2024,Anne Anthony
European bison,Poland,853,287,male,,52.80356,23.690378,,12/4/2024,Anne Anthony
European bison,Poland,705,280,female,,52.803733,23.686928,,1/4/2024,Anne Anthony
European bison,Poland,405,220,female,,52.804031,23.683032,,4/18/2024,Anne Anthony
European bison,Poland,776,294,male,,52.805299,23.701093,,4/21/2024,Anne Anthony
European bison,Poland,970,307,male,,52.805402,23.691244,,3/31/2024,Anne Anthony
European bison,Poland,459,212,female,,52.807403,23.683044,,1/4/2024,Anne Anthony
European bison,Poland,510,222,female,,52.807537,23.700909,,3/28/2024,Anne Anthony
European bison,Poland,700,286,male,,52.808503,23.69937,,4/15/2024,Anne Anthony
hedgehog,Germany,0.5,18,male,,52.586589,13.146651,Bob Bobson,3/19/2024,Bob Bobson
European bison,Poland,589,279,female,,52.808704,23.705504,,6/4/2024,Anne Anthony
European bison,Poland,486,235,female,,52.809086,23.696425,,10/4/2024,Anne Anthony
European bison,Poland,662,244,female,,52.809106,23.680095,,4/19/2024,Anne Anthony
European bison,Poland,1000,295,male,,52.809543,23.708564,,4/4/2024,Anne Anthony
hedgehog,Hungary,0.4,17,female,,47.509261,18.949967,,4/14/2024,Anne Anthony
European bison,Poland,610,281,female,,52.810989,23.689137,,11/4/2024,Anne Anthony
European bison,Poland,557,255,female,,52.811204,23.697814,,5/4/2024,Anne Anthony
European bison,Poland,650,286,female,,52.812486,23.686231,,4/24/2024,Anne Anthony
hedgehog,Austria,0.4,21,female,,47.781093,14.38209,,3/19/2024,Bob Bobson
hedgehog,Slovakia,0.4,16,male,,48.187845,17.086572,,5/5/2024,John Johnson
hedgehog,Slovakia,0.4,13,male,,48.237386,17.078352,,5/16/2024,John Johnson
red squirrel,Poland,0.337,22,female,,50.041819,19.951542,,4/4/2024,Anne Anthony
European bison,Poland,302,150,female,,52.820447,23.813259,,3/21/2024,Anne Anthony
European bison,Poland,35,125,female,,52.820739,23.815145,,3/16/2024,Anne Anthony
red squirrel,Czech Republic,0.283,22,female,,50.106413,14.348204,,4/17/2024,John Johnson
European bison,Poland,610,258,female,,52.821135,23.809947,,3/14/2024,Anne Anthony
red squirrel,Czech Republic,0.308,22,female,,50.106721,14.346231,,11/4/2024,John Johnson
hedgehog,Slovakia,0.4,16,female,,48.238634,17.074895,,5/21/2024,John Johnson
red squirrel,Czech Republic,0.28,22,female,,50.107135,14.348206,,4/17/2024,John Johnson
red squirrel,Poland,0.277,22,male,,52.211924,21.033243,,5/18/2024,Anne Anthony
red squirrel,Poland,0.346,22,female,,52.212305,21.033921,,5/24/2024,Anne Anthony
European bison,Poland,915,304,male,,52.82288,23.810852,,3/17/2024,Anne Anthony
red squirrel,Poland,0.279,22,male,,52.212411,21.033173,,5/15/2024,Anne Anthony
hedgehog,Hungary,0.4,15,female,,48.506206,20.565308,,3/23/2024,Anne Anthony
red squirrel,Poland,0.343,22,male,,52.212497,21.033515,,5/6/2024,Anne Anthony
red squirrel,Poland,0.308,22,female,,52.212583,21.032932,,5/22/2024,Anne Anthony
red squirrel,Poland,0.301,22,male,,52.21276,21.034189,,5/6/2024,Anne Anthony
European bison,Poland,660,246,female,,52.824079,23.81279,,3/23/2024,Anne Anthony
European bison,Poland,823,305,male,,52.82429,23.813465,,3/26/2024,Anne Anthony
hedgehog,Germany,0.4,16,female,,49.55879,11.081218,,4/17/2024,Bob Bobson
hedgehog,Czech Republic,0.4,12,female,,49.937893,14.18083,,3/25/2024,John Johnson
red squirrel,Poland,0.282,22,female,,52.212911,21.034175,,5/2/2024,Anne Anthony
European bison,Poland,1000,320,male,,52.82547,23.81307,Klucha,3/22/2024,Anne Anthony
European bison,Poland,537,287,female,,52.8255,23.808386,,3/18/2024,Anne Anthony
European bison,Poland,594,243,male,,52.825554,23.812594,,3/26/2024,Anne Anthony
red squirrel,Poland,0.338,22,female,,52.212915,21.033226,,5/21/2024,Anne Anthony
red squirrel,Poland,0.3,22,female,,52.240018,21.05239,Lola,4/3/2024,Anne Anthony
European bison,Poland,619,248,female,,52.826081,23.815823,,3/23/2024,Anne Anthony
European bison,Poland,621,277,female,,52.828561,23.816861,,9/3/2024,Anne Anthony
red squirrel,Poland,0.261,22,female,,52.240833,21.052093,,1/3/2024,Anne Anthony
European bison,Poland,315,175,male,,52.829512,23.811681,,12/3/2024,Anne Anthony
European bison,Poland,909,311,not determined,,52.830509,23.826849,,1/3/2024,Anne Anthony
hedgehog,Czech Republic,0.4,17,male,,49.938527,14.179315,,12/3/2024,John Johnson
European bison,Poland,862,312,male,,52.831879,23.826297,,7/3/2024,Anne Anthony
hedgehog,Czech Republic,0.4,12,female,,50.107223,14.34732,,6/3/2024,John Johnson
European bison,Poland,385,168,female,,52.833261,23.815203,,9/3/2024,Anne Anthony
European bison,Poland,581,277,female,,52.834109,23.807093,,1/3/2024,Anne Anthony
European bison,Poland,24,100,female,,52.834112,23.825722,,11/3/2024,Anne Anthony
European bison,Poland,454,225,female,,52.834423,23.827103,,6/3/2024,Anne Anthony
European bison,Poland,650,285,female,,52.834741,23.826716,,4/3/2024,Anne Anthony
European bison,Poland,900,295,male,,52.834759,23.817201,,1/3/2024,Anne Anthony
European bison,Poland,620,250,female,,52.83496,23.82075,,1/3/2024,Anne Anthony
hedgehog,Poland,0.4,16,female,,52.214754,21.034364,,3/20/2024,Anne Anthony
hedgehog,Poland,0.4,16,male,,52.214758,21.030697,,3/19/2024,Anne Anthony
hedgehog,Germany,0.4,13,female,,52.587327,13.149206,Bob Bobson,3/19/2024,Bob Bobson
hedgehog,Hungary,0.4,13,male,,47.509755,18.949465,,5/1/2024,Anne Anthony
hedgehog,Hungary,0.4,13,male,,47.510077,18.945646,,5/17/2024,Anne Anthony
hedgehog,Hungary,0.4,13,female,,48.506206,20.565308,,7/3/2024,Anne Anthony
red squirrel,Poland,0.304,22,,,52.241093,21.055413,,11/3/2024,Anne Anthony
red squirrel,Poland,0.274,22,female,,52.241235,21.057356,,Min_long,Anne Anthony
red squirrel,Poland,0.308,22,female,,52.241273,21.055745,Basia,1/17/1900,Anne Anthony
red squirrel,Poland,0.302,22,male,,52.241375,21.050845,,1/18/1900,Anne Anthony
red squirrel,Poland,0.329,22,female,,52.241638,21.055998,Lola,1/10/1900,Anne Anthony
red squirrel,Germany,0.317,22,male,,52.585517,13.150878,Bob Bobson,1/16/1900,Bob Bobson
red squirrel,Poland,0.293,22,female,,52.820813,23.809086,,1/13/1900,Anne Anthony
red squirrel,Poland,0.344,22,female,,52.821958,23.811375,,1/10/1900,Anne Anthony
red squirrel,Poland,0.323,22,female,,52.823084,23.816106,,1/13/1900,Anne Anthony
red squirrel,Poland,0.276,22,male,,52.825746,23.815204,,1/13/1900,Anne Anthony
red squirrel,Germany,0.269,22,male,,52.586487,13.150015,,2/2/1900,Bob Bobson
red squirrel,Germany,0.308,22,female,,52.586487,13.150015,,,Bob Bobson
red squirrel,Hungary,0.273,23,female,,47.507157,18.940379,,,Anne Anthony
red squirrel,Hungary,0.287,23,female,,47.508679,18.946127,,,Anne Anthony
red squirrel,Austria,0.27,23,female,,47.853881,15.078367,,,Bob Bobson
red squirrel,Austria,0.323,23,male,,47.854099,15.076812,,,Bob Bobson
red squirrel,Austria,0.323,23,male,,47.856015,15.08325,,,Bob Bobson
red squirrel,Australia,0.31,23,male,,47.856092,15.083547,,,Bob Bobson
red squirrel,Austria,0.285,23,male,,47.857535,15.078083,,,Bob Bobson
red squirrel,Slovakia,0.294,23,male,,48.184374,17.086,,,John Johnson
red squirrel,Slovakia,0.307,23,female,,48.185298,17.084072,,,John Johnson
red squirrel,Slovakia,0.275,23,male,,48.185353,17.08322,,,John Johnson
red squirrel,Slovakia,0.273,23,male,,48.185898,17.090683,,,John Johnson
red squirrel,Slovakia,0.323,23,female,,48.186767,17.089935,,,John Johnson
red squirrel,Slovakia,0.294,23,male,,48.22668,17.081529,,,John Johnson
red squirrel,Slovakia,0.333,23,male,,48.409023,18.84399,,,John Johnson
red squirrel,Slovakia,0.302,23,male,,48.41237,18.875325,,,John Johnson
red squirrel,Hungary,0.3,23,male,,48.505406,20.535848,,,Anne Anthony
red squirrel,Slovakia,0.271,23,male,,49.052914,22.42299,,,John Johnson
red squirrel,Slovakia,0.273,23,female,,49.055962,22.425527,,,James Johnson
red squirrel,Slovakia,0.281,23,male,,49.056583,22.415432,,,John Johnson
red squirrel,Slovakia,0.322,23,female,,49.056857,22.416369,,,John Johnson
red squirrel,Slovakia,0.327,23,male,,49.057284,22.423861,,,James Johnson
red squirrel,Germany,0.3,23,female,,49.554685,11.08345,,,Bob Bobson
red squirrel,Czech Republic,0.324,23,female,,49.937724,14.182072,,,John Johnson
red squirrel,Czech Republic,0.336,23,male,,49.939262,14.179613,,,John Johnson
red squirrel,Czech Republic,0.316,23,female,,49.93931,14.181266,,,John Johnson
red squirrel,Poland,0.278,23,female,,50.041119,19.94973,,,Anne Anthony
red squirrel,Poland,0.348,23,male,,50.041252,19.950033,,,Anne Anthony
red squirrel,Poland,0.33,23,male,,50.041479,19.951211,,,Anne Anthony
red squirrel,Poland,0.328,23,female,,50.041504,19.950218,,,Anne Anthony
red squirrel,Poland,0.32,23,female,,50.041554,19.95113,,,Anne Anthony
red squirrel,Poland,0.272,23,female,,50.0418,19.950244,,,Anne Anthony
red squirrel,Poland,0.312,23,female,,50.041945,19.94932,Lola,,Anne Anthony
red squirrel,Czech Republic,0.326,23,male,,50.107313,14.348552,,,John Johnson
red squirrel,Czech Republic,0.333,23,male,,50.883849,14.367353,,,John Johnson
red squirrel,Poland,0.33,23,male,,52.211872,21.032296,Puchatek,,Anne Anthony
red squirrel,Poland,0.298,23,male,,52.211967,21.032924,,,Anne Anthony
red squirrel,Poland,0.341,23,male,,52.212042,21.033492,,,Anne Anthony
red squirrel,Poland,0.29,23,male,,52.212065,21.034571,,,Anne Anthony
red squirrel,Poland,0.312,23,male,,52.21212,21.034268,,,Anne Anthony
red squirrel,Poland,0.327,23,male,,52.212168,21.032304,,,Anne Anthony
red squirrel,Poland,0.308,23,male,,52.212245,21.032988,,,Anne Anthony
red squirrel,Poland,0.27,23,female,,52.212553,21.032768,,,Anne Anthony
red squirrel,Poland,0.346,23,male,,52.240737,21.053063,,,Anne Anthony
red squirrel,Poland,0.301,23,female,,52.240867,21.054339,,,Anne Anthony
red squirrel,Poland,0.317,23,male,,52.241358,21.056352,,,Anne Anthony
red squirrel,Poland,0.36,23,female,,52.24151,21.052575,Basia,,Anne Anthony
red squirrel,Poland,0.343,23,male,,52.241638,21.057329,,,Anne Anthony
red squirrel,Poland,0.328,23,male,,52.24192,21.056347,,,Anne Anthony
red squirrel,Germany,0.306,23,male,,52.584352,13.148089,Bob Bobson,,Bob Bobson
red squirrel,Germany,0.313,23,female,,52.588779,13.147948,,,Bob Bobson
red squirrel,Poland,0.274,23,male,,52.821631,23.813638,,,Anne Anthony
red squirrel,Poland,0.322,23,male,,52.825363,23.816829,,,Anne Anthony
red squirrel,Poland,0.31,24,male,,50.041235,19.951284,,,Anne Anthony
red squirrel,Poland,0.289,24,male,,50.041382,19.949403,,,Anne Anthony
red squirrel,Poland,0.29,24,male,,50.041925,19.950894,,,Anne Anthony
red squirrel,Poland,0.337,24,female,,52.211797,21.03375,Basia,,Anne Anthony
red squirrel,Poland,0.329,24,female,,52.212045,21.031986,,,Anne Anthony
red squirrel,Poland,0.318,24,male,,52.21247,21.033642,,,Anne Anthony
red squirrel,Poland,0.29,24,female,,52.212763,21.032786,,,Anne Anthony
red squirrel,Poland,0.294,24,female,,52.21294,21.034208,,,Anne Anthony
red squirrel,Poland,0.35,24,male,,52.240453,21.055847,,,Anne Anthony
red squirrel,Poland,0.35,24,male,,52.240497,21.055991,,,Anne Anthony
red squirrel,Poland,0.316,24,male,,52.240707,21.057051,,,Anne Anthony
red squirrel,Poland,0.33,24,male,,52.241203,21.050999,,,Anne Anthony
red squirrel,Poland,0.327,24,female,,52.82211,23.814403,,,Anne Anthony
red squirrel,Poland,0.315,24,female,,52.82295,23.81275,,,Anne Anthony
red squirrel,Poland,0.298,24,female,,52.823595,23.814758,,,Anne Anthony
red squirrel,Poland,0.302,24,male,,52.825793,23.811068,,,Anne Anthony
red squirrel,Hungary,0.39,18,male,,52.828845,23.820144,Szefu,,Anne Anthony